1 0 0
1 1 1
2 1 2
1 2 2
2 1 1
3 1 8
1 3 3
2 1 10
3 1 12
4 2 9
1 4 4
2 1 2
3 1 4
4 1 15
5 3 12
1 5 5
2 1 24
3 1 2
4 1 0
5 3 19
6 1 30
1 6 6
2 1 46
3 1 21
4 1 33
5 1 30
6 1 34
7 2 14
1 7 7
2 1 54
3 1 40
4 2 14
5 2 46
6 3 23
7 3 48
8 6 34
1 8 8
2 1 65
3 1 27
4 1 63
5 2 39
6 4 25
7 1 68
8 6 29
9 7 2
1 9 9
2 1 68
3 1 11
4 2 46
5 2 58
6 1 52
7 5 58
8 2 8
9 2 15
10 3 89
1 10 10
2 1 63
3 1 9
4 2 8
5 1 42
6 3 12
7 4 118
8 6 107
9 4 29
10 3 94
11 4 65
1 11 11
2 1 64
3 1 36
4 1 74
5 3 96
6 3 33
7 4 28
8 1 67
9 3 3
10 5 26
11 5 21
12 1 115
1 12 12
2 1 122
3 1 51
4 2 15
5 3 40
6 1 167
7 1 14
8 2 22
9 7 148
10 4 157
11 4 144
12 6 21
13 2 58
1 13 13
2 1 75
3 1 15
4 1 194
5 3 18
6 2 33
7 5 115
8 1 172
9 1 193
10 1 40
11 5 124
12 4 179
13 9 32
14 12 25
1 14 14
2 1 194
3 1 1
4 2 195
5 2 171
6 1 31
7 5 126
8 2 51
9 1 144
10 4 173
11 1 173
12 3 92
13 5 79
14 2 169
15 9 8
1 15 15
2 1 48
3 1 200
4 2 190
5 3 137
6 2 33
7 3 40
8 6 96
9 6 55
10 4 31
11 4 164
12 8 168
13 11 106
14 8 221
15 9 130
16 5 181
1 16 16
2 1 133
3 1 30
4 2 170
5 2 167
6 4 17
7 5 180
8 6 158
9 2 116
10 1 245
11 9 7
12 1 245
13 7 248
14 4 4
15 4 106
16 2 256
17 12 121
1 17 17
2 1 120
3 1 238
4 2 289
5 3 101
6 1 64
7 1 129
8 2 124
9 6 218
10 5 244
11 1 76
12 5 304
13 1 317
14 8 179
15 13 63
16 13 178
17 4 251
18 11 215
1 18 18
2 1 143
3 1 95
4 2 138
5 3 140
6 1 94
7 3 181
8 2 177
9 2 242
10 2 273
11 6 349
12 6 254
13 11 77
14 9 254
15 13 283
16 13 83
17 10 78
18 10 266
19 12 21
1 19 19
2 1 132
3 1 389
4 1 81
5 2 41
6 3 246
7 2 196
8 6 191
9 2 280
10 3 146
11 9 137
12 5 195
13 4 388
14 5 243
15 10 184
16 12 298
17 12 228
18 15 135
19 4 19
20 17 177
1 20 20
2 1 45
3 1 266
4 1 159
5 3 71
6 3 261
7 3 136
8 1 191
9 6 361
10 5 125
11 9 317
12 5 385
13 9 422
14 2 222
15 13 168
16 8 392
17 9 23
18 1 339
19 11 347
20 4 25
21 14 314
1 21 21
2 1 402
3 1 59
4 2 111
5 2 47
6 4 74
7 5 463
8 2 471
9 5 453
10 5 224
11 4 104
12 4 402
13 7 180
14 3 333
15 3 328
16 4 134
17 1 91
18 1 26
19 12 247
20 10 220
21 5 285
22 8 337
1 22 22
2 1 490
3 1 393
4 2 162
5 1 376
6 3 464
7 1 466
8 5 420
9 1 44
10 2 350
11 1 415
12 4 231
13 3 406
14 3 385
15 6 468
16 10 357
17 11 523
18 12 18
19 14 402
20 8 100
21 10 515
22 18 50
23 16 464
1 23 23
2 1 217
3 1 391
4 1 88
5 2 209
6 4 424
7 2 300
8 5 227
9 1 213
10 2 50
11 3 20
12 6 534
13 4 468
14 2 411
15 3 358
16 5 126
17 5 572
18 8 392
19 8 225
20 11 516
21 13 211
22 17 347
23 12 387
24 1 501
1 24 24
2 1 394
3 1 65
4 1 472
5 3 42
6 4 597
7 4 115
8 3 78
9 3 407
10 4 286
11 9 455
12 9 536
13 2 123
14 11 210
15 10 270
16 8 39
17 7 610
18 11 20
19 9 88
20 4 534
21 19 4
22 9 111
23 12 443
24 3 569
25 5 422
1 25 25
2 1 650
3 1 196
4 2 158
5 3 95
6 2 205
7 2 358
8 3 584
9 2 392
10 3 602
11 5 359
12 4 89
13 2 427
14 3 670
15 3 7
16 3 299
17 10 257
18 2 473
19 16 258
20 9 304
21 5 469
22 18 228
23 17 463
24 16 674
25 20 123
26 21 626
1 26 26
2 1 720
3 1 557
4 1 216
5 3 299
6 4 181
7 4 320
8 3 83
9 5 710
10 5 324
11 6 112
12 5 179
13 7 490
14 11 426
15 2 386
16 13 321
17 8 405
18 13 35
19 16 228
20 16 26
21 2 460
22 20 269
23 9 285
24 11 187
25 19 452
26 18 63
27 19 514
1 27 27
2 1 777
3 1 583
4 2 686
5 3 571
6 1 682
7 2 16
8 3 400
9 6 373
10 2 251
11 4 273
12 4 497
13 3 202
14 6 403
15 3 150
16 14 86
17 1 727
18 16 387
19 2 426
20 6 631
21 7 605
22 10 556
23 14 40
24 3 23
25 9 277
26 3 349
27 11 517
28 26 571
1 28 28
2 1 653
3 1 306
4 2 293
5 3 363
6 3 787
7 1 264
8 3 307
9 4 264
10 4 303
11 1 507
12 1 814
13 8 628
14 7 612
15 5 325
16 14 607
17 15 380
18 2 39
19 12 733
20 8 408
21 2 250
22 11 20
23 10 154
24 12 214
25 8 840
26 13 216
27 7 536
28 7 125
29 24 277
1 29 29
2 1 612
3 1 334
4 2 314
5 2 865
6 4 799
7 2 880
8 2 470
9 6 796
10 5 318
11 2 31
12 6 97
13 11 796
14 3 549
15 3 69
16 9 85
17 1 504
18 14 882
19 7 105
20 7 211
21 11 407
22 3 588
23 8 103
24 1 123
25 23 35
26 22 789
27 19 236
28 2 700
29 15 461
30 23 90
1 30 30
2 1 234
3 1 904
4 2 264
5 2 263
6 4 950
7 5 2
8 3 436
9 1 54
10 6 255
11 2 611
12 7 954
13 5 351
14 9 612
15 12 293
16 1 144
17 4 767
18 4 874
19 3 706
20 8 273
21 5 253
22 14 836
23 13 195
24 12 285
25 13 785
26 22 376
27 5 518
28 4 328
29 10 209
30 11 72
31 5 91
1 31 31
2 1 472
3 1 265
4 1 978
5 3 251
6 3 657
7 5 648
8 1 153
9 7 32
10 1 182
11 2 452
12 6 967
13 9 408
14 3 409
15 6 881
16 5 525
17 12 741
18 7 617
19 6 850
20 9 935
21 1 14
22 1 328
23 2 87
24 13 99
25 7 714
26 18 413
27 8 828
28 25 151
29 5 114
30 6 659
31 19 49
32 27 957
1 32 32
2 1 419
3 1 561
4 1 1040
5 3 293
6 2 1025
7 2 946
8 4 684
9 1 461
10 3 35
11 8 58
12 10 891
13 7 304
14 6 548
15 9 771
16 2 357
17 14 985
18 10 105
19 3 503
20 13 601
21 19 487
22 10 329
23 19 926
24 2 1012
25 17 73
26 23 539
27 15 46
28 14 125
29 18 450
30 17 855
31 20 76
32 10 738
33 6 204
1 33 33
2 1 256
3 1 796
4 1 182
5 1 493
6 4 111
7 1 928
8 4 964
9 3 977
10 3 1021
11 4 418
12 1 3
13 1 773
14 9 633
15 11 337
16 9 129
17 4 397
18 10 775
19 12 929
20 4 414
21 17 1048
22 15 596
23 13 163
24 3 217
25 14 519
26 23 348
27 17 729
28 17 7
29 27 1000
30 25 387
31 2 879
32 10 575
33 24 170
34 31 581
1 34 34
2 1 250
3 1 794
4 2 176
5 2 989
6 1 277
7 4 747
8 5 1017
9 5 682
10 4 194
11 7 927
12 5 1220
13 2 754
14 11 777
15 5 744
16 5 679
17 2 28
18 16 428
19 4 503
20 17 976
21 5 838
22 2 75
23 16 414
24 20 501
25 7 1028
26 3 628
27 8 601
28 23 40
29 14 63
30 4 493
31 19 239
32 28 551
33 1 1180
34 19 1090
35 29 663
1 35 35
2 1 477
3 1 1151
4 1 728
5 1 975
6 4 476
7 1 1193
8 4 441
9 4 1
10 3 940
11 4 413
12 10 1054
13 4 849
14 12 1249
15 5 664
16 7 591
17 13 0
18 13 866
19 5 346
20 11 1159
21 4 277
22 8 132
23 8 698
24 10 269
25 4 559
26 2 1243
27 2 1221
28 24 698
29 8 861
30 28 989
31 18 1087
32 10 335
33 13 57
34 18 975
35 31 219
36 21 478
1 36 36
2 1 705
3 1 1078
4 2 1194
5 1 56
6 1 661
7 5 483
8 4 931
9 7 553
10 2 375
11 6 1099
12 8 1268
13 8 383
14 5 1224
15 7 1296
16 2 1005
17 15 364
18 5 1114
19 1 141
20 10 602
21 13 190
22 5 1297
23 3 374
24 16 561
25 5 575
26 2 814
27 1 339
28 11 624
29 26 743
30 20 867
31 21 1203
32 29 120
33 4 416
34 3 783
35 30 377
36 9 837
37 13 850
1 37 37
2 1 654
3 1 1238
4 2 977
5 1 1338
6 3 933
7 4 807
8 6 209
9 2 938
10 1 1116
11 1 428
12 9 227
13 7 969
14 10 1262
15 10 76
16 11 1082
17 6 811
18 2 34
19 5 776
20 16 0
21 6 1170
22 18 1302
23 15 468
24 2 109
25 9 335
26 14 1200
27 21 1373
28 26 116
29 27 524
30 11 993
31 21 334
32 28 521
33 9 804
34 4 246
35 4 63
36 5 747
37 12 1119
38 18 202
1 38 38
2 1 999
3 1 1374
4 2 696
5 2 226
6 4 1217
7 4 324
8 6 1374
9 3 969
10 1 610
11 7 36
12 4 275
13 2 771
14 4 286
15 2 725
16 9 510
17 13 735
18 10 529
19 7 325
20 1 786
21 3 1345
22 2 1133
23 5 238
24 3 240
25 7 1436
26 11 374
27 5 114
28 2 949
29 23 860
30 20 746
31 29 1514
32 3 1056
33 28 766
34 2 1316
35 28 811
36 7 685
37 22 584
38 28 1346
39 1 805
1 39 39
2 1 441
3 1 0
4 1 1253
5 3 479
6 1 1460
7 4 1003
8 2 1019
9 6 467
10 7 429
11 4 1210
12 3 740
13 9 1248
14 5 1207
15 13 42
16 5 1323
17 4 1132
18 5 649
19 8 160
20 17 565
21 11 398
22 18 10
23 16 592
24 17 1021
25 2 644
26 3 1482
27 5 25
28 5 380
29 18 1003
30 24 821
31 1 390
32 25 1450
33 28 261
34 20 1311
35 9 1505
36 15 613
37 27 1405
38 9 1257
39 18 1206
40 4 1010
1 40 40
2 1 1317
3 1 1258
4 1 936
5 3 893
6 4 1095
7 4 899
8 2 988
9 6 1462
10 1 1680
11 7 1260
12 5 1062
13 1 765
14 11 1502
15 13 922
16 13 748
17 11 176
18 10 106
19 14 1056
20 12 901
21 19 627
22 12 1444
23 5 195
24 11 1505
25 12 1109
26 20 174
27 14 593
28 14 1342
29 17 1230
30 24 320
31 17 234
32 7 698
33 17 348
34 10 1315
35 13 213
36 32 569
37 29 322
38 14 733
39 22 554
40 2 1071
41 32 957
1 41 41
2 1 472
3 1 306
4 2 87
5 2 1161
6 3 1474
7 5 29
8 5 1188
9 1 735
10 3 497
11 5 1202
12 3 1743
13 10 431
14 9 1604
15 6 1733
16 10 85
17 14 742
18 14 913
19 6 432
20 9 1180
21 5 1134
22 11 1129
23 7 1738
24 15 1693
25 6 1148
26 19 190
27 25 1605
28 25 1304
29 12 466
30 9 1046
31 19 1207
32 22 1203
33 22 1056
34 1 603
35 31 1220
36 18 1318
37 22 278
38 17 489
39 16 1738
40 9 962
41 14 1344
42 22 1076
1 42 42
2 1 951
3 1 935
4 2 916
5 2 1417
6 2 1690
7 4 1731
8 3 460
9 5 30
10 8 274
11 3 432
12 7 408
13 5 210
14 12 1311
15 10 1840
16 10 1102
17 11 1655
18 12 683
19 16 1245
20 6 273
21 11 487
22 16 694
23 9 1161
24 14 557
25 10 206
26 19 1605
27 9 969
28 14 169
29 20 798
30 16 1318
31 9 419
32 14 321
33 20 1620
34 6 1389
35 24 1599
36 3 1246
37 2 349
38 32 1030
39 5 1668
40 16 269
41 1 1414
42 33 1086
43 4 612
1 43 43
2 1 855
3 1 921
4 1 683
5 1 1490
6 4 1231
7 4 222
8 5 1590
9 6 1497
10 7 1518
11 5 313
12 1 88
13 9 975
14 4 1271
15 12 1361
16 14 520
17 10 561
18 16 1033
19 7 241
20 11 33
21 5 563
22 5 1016
23 9 901
24 11 511
25 8 1156
26 7 1800
27 6 1892
28 21 298
29 15 19
30 2 1915
31 15 593
32 18 123
33 25 1058
34 5 1004
35 22 121
36 3 1399
37 26 1486
38 12 1774
39 31 334
40 2 1217
41 31 747
42 2 1328
43 1 217
44 9 818
1 44 44
2 1 889
3 1 874
4 2 543
5 2 890
6 4 1549
7 1 328
8 6 1893
9 7 31
10 8 324
11 6 1127
12 10 1855
13 3 1827
14 11 537
15 13 1036
16 6 1937
17 11 313
18 14 1801
19 9 875
20 5 562
21 8 669
22 12 1098
23 2 1388
24 20 1273
25 13 327
26 15 279
27 7 1908
28 2 553
29 10 415
30 17 2023
31 26 1926
32 16 1138
33 14 1715
34 15 1903
35 30 212
36 2 1812
37 32 1029
38 22 1879
39 2 328
40 31 791
41 7 1703
42 23 1591
43 6 159
44 27 251
45 18 1711
1 45 45
2 1 1075
3 1 1650
4 1 1218
5 2 542
6 1 1039
7 1 1469
8 3 1586
9 1 80
10 4 1484
11 7 700
12 3 429
13 11 1034
14 4 1441
15 2 229
16 11 424
17 3 1202
18 16 1486
19 12 1135
20 17 1788
21 7 576
22 20 2095
23 19 1993
24 17 1808
25 4 1037
26 17 1407
27 8 1273
28 23 1404
29 4 684
30 23 993
31 4 1068
32 4 331
33 21 1432
34 10 1207
35 3 921
36 16 644
37 17 106
38 17 2059
39 11 706
40 26 572
41 9 1127
42 25 1997
43 34 2016
44 2 1108
45 18 215
46 22 1498
1 46 46
2 1 1305
3 1 953
4 1 1043
5 3 316
6 4 2163
7 2 754
8 5 1752
9 4 1301
10 6 447
11 2 729
12 2 1457
13 10 1389
14 11 1261
15 7 1440
16 7 948
17 13 1013
18 3 988
19 9 847
20 11 760
21 10 286
22 19 164
23 16 351
24 20 184
25 23 2134
26 7 1959
27 6 43
28 12 1728
29 13 942
30 14 1265
31 11 1447
32 4 298
33 13 289
34 32 249
35 4 1348
36 10 211
37 4 1844
38 22 587
39 2 203
40 5 1878
41 17 1643
42 35 1143
43 27 866
44 4 1029
45 3 1683
46 28 14
47 38 210
1 47 47
2 1 2151
3 1 60
4 1 1435
5 3 395
6 1 267
7 4 1884
8 5 954
9 4 465
10 8 133
11 4 2049
12 4 1742
13 9 609
14 6 1025
15 4 66
16 11 2151
17 12 1223
18 15 467
19 16 1076
20 11 394
21 7 7
22 14 1930
23 20 298
24 19 335
25 3 219
26 13 170
27 9 1395
28 8 724
29 16 218
30 26 60
31 22 2098
32 2 627
33 7 1649
34 7 1020
35 18 437
36 32 613
37 33 1820
38 24 1055
39 19 1843
40 3 322
41 10 1858
42 13 1772
43 18 1125
44 13 1674
45 3 1941
46 24 348
47 26 1386
48 10 1472
1 48 48
2 1 272
3 1 915
4 2 849
5 1 978
6 4 147
7 5 963
8 2 2357
9 4 102
10 1 1728
11 7 1779
12 4 465
13 3 65
14 12 811
15 5 2092
16 14 457
17 14 420
18 6 1153
19 12 2014
20 3 287
21 14 2004
22 20 1920
23 19 465
24 3 1531
25 3 2064
26 19 103
27 10 777
28 24 191
29 27 954
30 14 1224
31 25 2042
32 11 881
33 24 1539
34 27 525
35 15 1199
36 8 1308
37 10 376
38 2 60
39 26 2267
40 14 536
41 1 50
42 2 99
43 34 2301
44 16 798
45 14 420
46 9 1500
47 18 431
48 11 1217
49 41 1578
1 49 49
2 1 2423
3 1 446
4 1 456
5 2 2496
6 2 558
7 3 818
8 2 1399
9 7 2494
10 2 176
11 9 1722
12 8 18
13 3 288
14 8 311
15 8 923
16 2 238
17 4 1862
18 10 2416
19 17 2050
20 9 888
21 19 50
22 19 1733
23 2 2105
24 7 2100
25 8 365
26 1 335
27 15 1018
28 15 941
29 23 29
30 5 963
31 9 817
32 24 1418
33 1 1566
34 27 192
35 21 558
36 23 867
37 6 1378
38 9 1681
39 13 2084
40 20 786
41 31 1261
42 22 2241
43 21 1679
44 27 2437
45 42 2138
46 1 1513
47 29 2305
48 32 839
49 12 1765
50 28 192
1 50 50
2 1 594
3 1 2198
4 1 1117
5 2 656
6 1 2420
7 3 2262
8 3 2005
9 1 1931
10 8 1558
11 6 1653
12 9 2167
13 9 950
14 1 29
15 6 325
16 3 2277
17 12 2099
18 9 237
19 14 2044
20 5 1246
21 2 1288
22 19 2365
23 14 350
24 16 922
25 21 2179
26 20 158
27 25 1997
28 17 1731
29 21 1945
30 11 1037
31 4 86
32 12 2497
33 19 1773
34 2 2071
35 12 466
36 11 2106
37 18 2571
38 36 893
39 3 1830
40 4 1580
41 3 674
42 24 828
43 16 2254
44 5 1206
45 6 2510
46 40 247
47 23 1935
48 43 370
49 19 1856
50 31 514
51 49 2136
1 51 51
2 1 447
3 1 624
4 1 1947
5 2 1808
6 1 939
7 5 697
8 1 1855
9 4 2163
10 6 2668
11 6 165
12 10 857
13 2 2344
14 10 2425
15 7 858
16 4 2434
17 7 1957
18 2 2045
19 17 832
20 3 1167
21 14 461
22 20 189
23 5 2573
24 15 2290
25 22 609
26 23 1020
27 13 338
28 8 327
29 1 2622
30 14 1468
31 25 1960
32 15 1512
33 12 79
34 23 2499
35 21 1550
36 4 1552
37 5 1070
38 22 1873
39 25 2489
40 3 268
41 7 1714
42 33 2576
43 36 1869
44 18 30
45 5 1656
46 19 2563
47 15 1400
48 29 831
49 43 1634
50 35 391
51 36 2293
52 16 492
1 52 52
2 1 1038
3 1 2242
4 2 2216
5 3 2082
6 4 2185
7 1 52
8 1 1352
9 4 1027
10 6 1214
11 3 101
12 1 404
13 9 2537
14 11 2131
15 1 2162
16 2 2431
17 2 277
18 4 2635
19 2 2420
20 16 1480
21 6 2749
22 3 2261
23 3 1305
24 20 1293
25 14 841
26 1 2291
27 14 729
28 8 202
29 11 1565
30 4 1391
31 25 486
32 7 2150
33 22 997
34 28 2605
35 26 533
36 17 1284
37 1 1454
38 15 127
39 24 864
40 38 1944
41 2 780
42 26 1969
43 21 973
44 7 1966
45 30 1018
46 9 308
47 39 885
48 2 1590
49 26 949
50 17 2151
51 25 1984
52 13 1616
53 23 1024
1 53 53
2 1 1451
3 1 929
4 1 112
5 2 2546
6 2 2080
7 4 1803
8 5 1525
9 5 632
10 6 1754
11 6 1123
12 4 1195
13 11 1743
14 12 2756
15 2 2215
16 13 1751
17 13 615
18 3 203
19 15 1377
20 9 887
21 17 1549
22 12 1955
23 9 585
24 21 669
25 19 89
26 24 1995
27 19 1556
28 1 1486
29 22 857
30 11 1550
31 8 1896
32 21 2529
33 20 1028
34 29 216
35 7 488
36 28 853
37 19 1510
38 17 1195
39 7 2448
40 35 753
41 39 92
42 37 2469
43 35 462
44 6 2388
45 16 2721
46 19 195
47 1 128
48 25 1653
49 10 1617
50 34 2282
51 32 1692
52 32 1583
53 5 467
54 47 1101
1 54 54
2 1 773
3 1 1762
4 1 2825
5 3 2211
6 4 2955
7 5 409
8 2 944
9 7 1445
10 4 1815
11 8 1402
12 10 1753
13 9 2817
14 9 2013
15 9 690
16 6 241
17 1 204
18 13 1033
19 17 525
20 1 1679
21 9 2543
22 10 2470
23 12 490
24 5 2750
25 1 709
26 4 800
27 12 2304
28 2 2326
29 27 2152
30 14 698
31 11 975
32 2 2785
33 26 2258
34 27 425
35 1 1778
36 26 2646
37 24 840
38 27 1680
39 12 2481
40 30 545
41 12 225
42 36 2581
43 27 1178
44 3 1752
45 21 324
46 40 275
47 7 669
48 25 2783
49 38 1132
50 19 2989
51 35 2592
52 36 1638
53 43 1829
54 41 1891
55 24 1851
1 55 55
2 1 1671
3 1 2267
4 2 2133
5 1 1670
6 1 364
7 2 2192
8 6 1050
9 4 1226
10 1 850
11 8 1057
12 9 153
13 1 1245
14 6 1467
15 2 219
16 3 1852
17 6 1566
18 5 1995
19 7 607
20 8 720
21 3 2357
22 5 1333
23 7 1103
24 2 1757
25 1 752
26 24 2935
27 15 1443
28 8 656
29 21 2538
30 25 2220
31 17 948
32 8 1541
33 24 2413
34 17 1163
35 30 2481
36 34 2161
37 28 919
38 11 2091
39 14 694
40 34 192
41 1 2296
42 17 1207
43 18 1033
44 28 1245
45 24 1939
46 30 2168
47 45 242
48 22 1241
49 7 1037
50 21 1515
51 41 127
52 5 1061
53 27 963
54 6 2045
55 4 1818
56 50 2079
1 56 56
2 1 2363
3 1 800
4 1 1890
5 1 2646
6 2 2648
7 3 2510
8 5 2066
9 3 2144
10 8 2580
11 3 1926
12 8 1785
13 10 1979
14 1 2313
15 10 88
16 4 2354
17 7 2508
18 7 576
19 16 1060
20 2 2991
21 19 751
22 11 232
23 3 2390
24 15 1896
25 5 1034
26 1 169
27 22 1657
28 14 2461
29 20 661
30 24 2763
31 16 2066
32 4 705
33 23 89
34 32 903
35 32 1884
36 24 1126
37 31 2555
38 25 2167
39 22 1311
40 18 2500
41 15 2042
42 32 192
43 11 894
44 26 2223
45 42 2313
46 15 439
47 42 357
48 26 590
49 24 2427
50 37 2499
51 32 3042
52 28 1832
53 34 1254
54 50 314
55 7 2950
56 50 3045
57 52 3137
1 57 57
2 1 782
3 1 1545
4 2 1973
5 2 860
6 1 23
7 3 1855
8 3 1541
9 6 1248
10 2 2928
11 8 2139
12 4 1186
13 5 263
14 4 2402
15 9 1489
16 6 2898
17 4 2200
18 13 369
19 3 1501
20 16 3006
21 7 1363
22 14 1934
23 13 1313
24 20 1788
25 10 2068
26 21 3331
27 8 894
28 26 861
29 6 1017
30 25 3216
31 5 2231
32 7 1983
33 29 2826
34 2 1209
35 19 1092
36 18 2845
37 2 276
38 8 2069
39 37 1286
40 29 306
41 17 1606
42 26 594
43 28 946
44 1 3178
45 36 1356
46 43 866
47 41 1936
48 10 1051
49 43 1598
50 37 2121
51 5 2871
52 43 1301
53 50 2537
54 8 652
55 23 21
56 31 210
57 14 991
58 45 284
1 58 58
2 1 2346
3 1 2054
4 2 3340
5 2 2864
6 1 3131
7 1 1249
8 1 1259
9 4 1616
10 2 1787
11 2 279
12 10 982
13 2 2010
14 12 472
15 1 1558
16 3 1062
17 4 2142
18 12 26
19 14 2186
20 17 2559
21 15 2022
22 9 2099
23 5 596
24 12 3071
25 19 2410
26 11 87
27 23 1064
28 12 2725
29 19 3355
30 21 2679
31 14 945
32 18 1198
33 20 2084
34 24 322
35 6 472
36 3 3307
37 32 25
38 2 700
39 23 217
40 17 1249
41 7 83
42 24 251
43 3 3354
44 6 2637
45 24 1108
46 17 2128
47 6 511
48 23 1659
49 46 2965
50 29 1800
51 39 3278
52 26 3399
53 36 1966
54 41 2339
55 26 2806
56 10 3225
57 2 2392
58 15 2452
59 15 439
1 59 59
2 1 2067
3 1 1578
4 2 3356
5 1 1872
6 3 853
7 2 831
8 5 303
9 4 3197
10 5 424
11 8 830
12 9 854
13 5 2018
14 6 3294
15 8 164
16 10 795
17 12 2025
18 15 3540
19 1 941
20 3 2590
21 2 3026
22 16 3536
23 6 2533
24 18 627
25 10 2019
26 12 3033
27 2 851
28 25 3293
29 6 269
30 25 2797
31 14 1073
32 23 1847
33 26 2006
34 12 1405
35 33 3388
36 34 465
37 10 2990
38 6 2224
39 5 3393
40 2 2358
41 17 2206
42 33 2118
43 3 2080
44 42 630
45 31 351
46 40 1087
47 37 2572
48 23 2826
49 37 2177
50 8 3078
51 20 178
52 46 332
53 44 2248
54 13 645
55 24 959
56 50 2158
57 21 347
58 37 1774
59 38 1639
60 57 2233
1 60 60
2 1 464
3 1 3100
4 2 1602
5 2 2832
6 3 2585
7 2 3480
8 6 2106
9 6 1731
10 6 2248
11 1 109
12 4 391
13 5 2543
14 10 2387
15 13 1095
16 13 766
17 7 1892
18 6 2094
19 14 2184
20 3 3573
21 14 1466
22 16 3425
23 21 1802
24 3 2488
25 10 126
26 23 3369
27 23 2171
28 15 2204
29 13 695
30 19 2493
31 17 3436
32 13 2020
33 23 2967
34 32 1356
35 5 2567
36 18 3400
37 5 601
38 15 689
39 21 1869
40 3 692
41 37 2670
42 40 2906
43 1 1054
44 5 2789
45 1 736
46 7 493
47 32 1100
48 10 537
49 23 1383
50 39 254
51 9 2254
52 37 1217
53 32 3714
54 20 14
55 16 3561
56 21 2335
57 4 3244
58 25 585
59 11 1387
60 51 3001
61 17 3412
0
